intrinsic:
1660.3888200004258 0.0 591.9919169150276 
0.0 1664.2930520450907 951.3399178339246 
0.0 0.0 1.0 
distortion:
-0.3037311814108469 5.112824346772551 0.005211798556925877 -0.008732031491373497 -39.017849855092855 
