intrinsic:
1163.2266558335157 0.0 572.0444535143523 
0.0 1159.3549076558872 1011.4725109928685 
0.0 0.0 1.0 
distortion:
0.07091260271564179 -1.736676902281132 -0.0057628499265325196 0.0038728771958839677 4.732942262890833 
