intrinsic:
1760.0926199326125 0.0 555.7479284052428 
0.0 1756.2572226268562 1028.5651156299677 
0.0 0.0 1.0 
distortion:
-0.1486495886035482 3.2347831133951512 -0.007577819628300404 -0.008906647268109169 -17.35874417645343 
