intrinsic:
1185.3673796992862 0.0 499.578236749264 
0.0 1185.0583510741772 932.3336189921861 
0.0 0.0 1.0 
distortion:
-0.17148095610822595 2.565756800715801 -0.0009715445716490897 -0.0061899888528422235 -13.068227902366067 
